-2.220000000000027285e+00 -1.447499999999999343e-01 -3.292557597160339355e-02 -5.128877933584871585e+01 -1.896409867272055578e+02 -1.383522073913568420e+02 -1.237736468458745378e+02 -2.449040487408638000e-02 -4.742039758408748279e-02 -1.000000000000000000e+00
-4.165749999999945885e+00 -4.150833333333332487e-01 -2.866488695144653320e-02 -5.897816238130058508e+01 -1.651384766154333192e+02 -1.604811928378227321e+02 -1.959505768846960336e+02 -1.298416405916213989e-02 -3.677897239500860921e-02 -1.000000000000000000e+00
-2.691333333333356226e+00 -1.422416666666666663e+00 -3.264479339122772217e-02 -1.874746264970296181e+02 -2.925727734751575895e+02 -1.050981469781279429e+02 -1.724371920026503915e+02 -6.245548231527209282e-02 -1.762454498260256422e-02 -1.000000000000000000e+00
-2.733333333333348492e+00 -4.096666666666666790e-01 -2.067015568415324009e-02 -1.315277550932798647e+02 -1.604200247870118972e+02 -5.737580521261006794e+01 -9.523283597818370083e+01 -4.268566891551017761e-02 -2.914677448995653397e-02 -1.000000000000000000e+00
-4.274999999999977263e+00 -1.120900000000000007e+00 -2.733872830867767334e-02 -7.024847766897923407e+01 -1.805938708654675224e+02 -2.508423485344467849e+02 -2.138309586193332450e+02 -6.373988222330809195e-02 -3.917281634964819848e-02 -1.000000000000000000e+00
-3.282416666666676974e+00 -4.986666666666667580e-01 -8.710687359174101863e-03 -1.937045015238607562e+02 -2.614447142184502013e+02 -6.774021269458941674e+01 -1.705369802802974277e+02 -4.877338185906410217e-03 -1.987439757812609759e-02 -1.000000000000000000e+00
-2.998249999999870852e+00 -4.784999999999999809e-01 -1.089912652969360352e-02 -2.106241905290804084e+01 -2.480501089762069000e+02 -2.672396261877749453e+02 -2.431352505398209587e+02 -6.525411736220121384e-03 -2.929465212805870689e-02 -1.000000000000000000e+00
-3.748333333333334849e+00 -5.069166666666666821e-01 -2.058559159437814423e-02 -5.342151063284966028e+01 -6.821403251244151988e+01 -9.963045079364076173e+01 -7.427996060850280458e+01 -8.018175128381699324e-02 -5.628282717292532045e-02 -1.000000000000000000e+00
-9.634285714285917290e-01 -1.897142857142857519e-01 -2.573423300470624800e-02 -4.156260802319980741e+01 -4.918160094927012693e+01 -2.018440180665822226e+01 -2.672163137221116358e+01 -1.110332565648215232e-02 -4.392148487550102259e-02 -1.000000000000000000e+00
-4.710000000000036380e+00 -8.700000000000001066e-01 -6.629213690757751465e-03 -5.280425047403888072e+01 -7.340969209058741285e+01 -2.786574052936877877e+01 -7.075847884858623615e+01 -9.357771091163158417e-02 -2.441706607007605723e-02 -1.000000000000000000e+00
-3.839041666666616948e+00 -3.245833333333333348e-01 -1.414915795127551223e-02 -2.127721231979026939e+01 -5.858687053030988068e+01 -4.234474582061878323e+01 -4.963416626199138193e+01 -1.881714894746740543e-02 -1.140826727753192632e-01 -1.000000000000000000e+00
-2.317687499999919964e+00 -6.318749999999999645e-01 -3.405955433845520020e-02 -6.531369931191598255e+01 -9.860555990025136452e+01 -8.159185723479504304e+01 -8.222621889380602056e+01 -4.349149810150265694e-02 -4.197572932445252369e-02 -1.000000000000000000e+00
-3.756100000000515138e+00 -5.806000000000000050e-01 -2.123864591121674139e-02 -2.681057665893430908e+01 -6.948068862353287045e+01 -4.267011196459854716e+01 -5.477369402142724653e+01 -5.565814170986414094e-02 -4.568261814925778097e-02 -1.000000000000000000e+00
-2.737687499999992724e+00 -3.745625000000000204e-01 -1.443903520703315735e-02 -7.757922568050935297e+01 -1.404969603890877750e+02 -1.176644261602833410e+02 -1.279819305654405781e+02 -9.075129160191863775e-02 -4.000413892754271089e-02 -1.000000000000000000e+00
-5.363666666666783378e+00 -3.146547619047619926e-01 -1.899661620457967007e-02 -4.188754638691111154e+01 -3.806785378433912825e+01 -5.699016552838349270e+01 -5.031206684313055888e+01 -5.126982408442667255e-02 -2.939486865854624639e-02 -1.000000000000000000e+00
-1.837600000000747968e+00 -2.867999999999999439e-01 -2.611477375030518688e-02 -2.637590426427649959e+01 -9.896089544199205079e+01 -9.431521238921203576e+01 -9.478776574989328196e+01 -2.170736640691757480e-02 -4.727168294603494025e-02 -1.000000000000000000e+00
-3.421833333333779592e+00 -1.956666666666667387e-01 -3.360469887653986382e-02 -3.136258009914470222e+02 -5.236240888135808973e+02 -2.099982878221339035e+02 -3.042961038776823557e+02 -7.400308984021346237e-02 -2.143460021140961014e-02 -1.000000000000000000e+00
-1.775611111111276008e+00 -5.302222222222222614e-01 -2.263187037573920202e-02 -8.579698649888220530e+01 -9.370653254857955972e+01 -7.040837056127891458e+01 -6.376065064618958900e+01 -9.085601547525988531e-02 -7.088293683969479342e-02 -1.000000000000000000e+00
-1.080363636363472324e+00 -1.770000000000000184e-01 -1.481698047031055829e-02 -2.423228611741046379e+01 -7.523586527443100636e+01 -6.911566373621862169e+01 -7.429812488183712560e+01 -1.019813763824376218e-01 -3.881085243424153841e-02 -1.000000000000000000e+00
-2.071846153846098826e+00 -5.065128205128205385e-01 -3.332587297146136912e-02 -9.489878837946142198e+01 -1.018783125086453509e+02 -8.267762680486924864e+01 -8.215362507148105919e+01 -7.334150217282466022e-02 -7.799562205257989933e-02 -1.000000000000000000e+00
-7.745999999999791719e+00 -1.312477777777777854e+00 -1.640906391872300543e-02 -1.021005979601829381e+02 -7.589627918381570737e+01 -6.199619511058648413e+01 -3.777085618146670498e+01 -6.806346343623269346e-02 -3.545895987306123959e-02 -1.000000000000000000e+00
-6.985000000022409949e-01 -3.750000000000003331e-02 -3.673113882541656494e-02 -5.009412489774736343e+01 -4.451970730872170634e+01 -5.574417589025657094e+00 -3.802052235917361145e+01 -8.726727217435836792e-03 -1.066314196977458800e-02 -1.000000000000000000e+00
-3.360499999998864951e+00 -1.096500000000000030e+00 -1.981086283922195435e-02 -6.757650895812901126e+01 -7.070441385274725121e+01 -1.382809228108762625e+02 -9.281476489878195935e+01 -5.130808171816170216e-02 -1.114228628174417368e-01 -1.000000000000000000e+00
-1.420000000000015916e+00 -1.104499999999999815e+00 -4.362878203392028809e-02 -1.567843221959479649e+01 -6.581303723610082557e+01 -5.013460501650602907e+01 -5.954581556923405117e+01 -1.125572435557842255e-02 -6.503262436484059938e-02 -1.000000000000000000e+00
-7.149527777777923809e+00 -2.279055555555555390e+00 -2.583652238051096714e-02 -1.971401219497181501e+02 -3.365916189550309809e+02 -1.394514970053128025e+02 -1.907734717743197450e+02 -2.899453726907571041e-02 -5.574461749169370289e-02 -1.000000000000000000e+00
-2.961866666666537640e+00 -1.889000000000000401e-01 -4.075034161408741529e-02 -7.424367221588580890e+01 -2.137572342365016809e+01 -7.455224960419008085e+01 -4.417210229086998652e+01 -1.028846514721711534e-02 -1.149132995976262644e-01 -1.000000000000000000e+00
-1.213200000000142609e+00 -1.042000000000000010e-01 -1.821204423904419084e-02 -1.112958921166147164e+01 -6.797085074526805215e+01 -6.326518578323147324e+01 -7.228956332579200250e+01 -2.214589267969131400e-02 -3.148141976266977116e-02 -1.000000000000000000e+00
-1.998000000001411536e+00 -4.330000000000000515e-01 -1.344639062881469727e-02 -2.474727281218650887e+01 -6.753632904244506108e+01 -4.278905623025852378e+01 -6.139628084104791128e+01 -2.901911176741123199e-02 -6.133009536569988124e-02 -1.000000000000000000e+00
-1.517476190476170661e+00 -3.314444444444444859e-01 -2.465092520865183254e-02 -2.813437134566866860e+01 -3.610052718222537038e+01 -3.744151463621457054e+01 -3.983136442457772830e+01 -1.533728721182024864e-02 -2.920016791910154050e-02 -1.000000000000000000e+00
-3.090500000000247383e+00 -4.680000000000000826e-01 -2.423434704542160034e-02 -1.945412764645266179e+02 -3.027185965127526970e+02 -1.081773200482261075e+02 -1.626912520162489102e+02 -3.466350957751274109e-03 -2.317432876329635766e-02 -1.000000000000000000e+00
-3.302500000000085034e+00 -5.728333333333334165e-01 -2.214081916544173231e-02 -1.234059608975699831e+02 -5.631963092458689601e+01 -1.131807270121939837e+02 -8.303075164739784952e+01 -3.894907256795300532e-02 -1.075323075259467243e-01 -1.000000000000000000e+00
-1.484833333333275052e+00 -4.933333333333331933e-02 -2.615814407666524136e-02 -4.717174717797464467e+01 -7.038835521826187858e+01 -3.316383753284469549e+01 -5.485463905871754520e+01 -1.498141884803771973e-02 -2.933007295800264466e-02 -1.000000000000000000e+00
-2.328949999999849751e+00 -1.847000000000000031e-01 -1.561940237879753252e-02 -1.025287360786190050e+02 -6.905926117773913120e+01 -5.639366798856218566e+01 -4.631935899122655798e+01 -2.875959929078817506e-02 -8.724041869567402546e-03 -1.000000000000000000e+00
-4.954250000000683940e+00 -1.095000000000000417e-01 -2.211578190326690674e-03 -9.152067588163208711e+01 -2.183645568566843735e+02 -1.268438809750522722e+02 -1.874680696738627717e+02 -9.443069389089941978e-02 -6.900117423608705114e-02 -1.000000000000000000e+00
-2.287966666666761739e+00 -2.508222222222222797e-01 -1.778828617599274853e-02 -1.081485237532313448e+02 -1.357886791418368375e+02 -5.094039439945375847e+01 -9.391998622703498256e+01 -5.528811112874084527e-02 -5.563938639786384505e-02 -1.000000000000000000e+00
-2.141666666667030317e+00 -6.886111111111111738e-01 -1.831446588039398193e-02 -1.300148179819895233e+02 -1.088921289639973367e+02 -8.399833008229398956e+01 -4.961631075675715152e+01 -2.549090898699231042e-02 -5.641090981350360689e-02 -1.000000000000000000e+00
-2.007600000000093310e+00 -3.880000000000000115e-01 -3.206026256084441861e-02 -1.220128255914945612e+02 -1.301459492894443031e+02 -7.408773351333302060e+01 -6.205404930806162156e+01 -5.086795836687087874e-02 -2.175457856098816922e-02 -1.000000000000000000e+00
-3.959000000000742148e+00 -6.019999999999999796e-01 -6.602793931961059570e-03 -1.194705846445626776e+02 -1.629410122506982361e+02 -4.347042760613555856e+01 -1.754367998605592049e+02 -5.329983867704868317e-02 -2.748132967804667315e-02 -1.000000000000000000e+00
-1.343500000000005912e+00 -8.494999999999999218e-01 -1.744188368320465088e-02 -5.621318515912302871e+01 -1.747252006628085041e+01 -7.368570522540387913e+01 -3.459593509760185270e+01 -5.276676267385482788e-03 -5.919058556456270603e-02 -1.000000000000000000e+00
-1.236266666666779201e+00 -1.780000000000000193e-01 -1.821142832438150602e-02 -1.058074442071497003e+02 -7.668643934053811506e+01 -3.896664258393104063e+01 -4.159146516285519368e+01 -3.783885215719541562e-02 -3.136331232832113153e-02 -1.000000000000000000e+00
-3.585124999999607098e+00 -2.409999999999999920e-01 -1.521714963018894196e-02 -5.628767731177596545e+01 -1.178203733911150977e+02 -9.518692282735938193e+01 -1.076233963155958122e+02 -5.399105371907353401e-03 -3.103311238463265717e-02 -1.000000000000000000e+00
-3.426874999999957705e+00 -5.337083333333333401e-01 -1.845850795507431030e-02 -7.598021815266712053e+01 -7.509722248031447123e+01 -9.735587128450355010e+01 -6.365864852955923681e+01 -8.073935595651467179e-02 -6.065960592570294324e-02 -1.000000000000000000e+00
-4.374499999999898137e+00 -3.551666666666667416e-01 -1.528880745172500610e-02 -9.007767473076742704e+01 -1.909356604892974474e+02 -1.200195399204999802e+02 -1.495472560814906160e+02 -7.738317021479208802e-02 -5.009067702328265370e-02 -1.000000000000000000e+00
-4.274999999999636202e+00 -1.730000000000000149e-01 -1.949936151504516602e-02 -3.578925151550916439e+01 -6.041241030025381065e+01 -2.462315878474464625e+01 -5.919823051146096304e+01 -2.599872322753071785e-02 -6.085643087360259607e-03 -1.000000000000000000e+00
-1.663333333333866904e+00 -8.530000000000000915e-01 -1.483554641405741316e-02 -8.684855140814393337e+01 -1.843852608894542300e+02 -1.926340921409538112e+02 -1.917405615448379024e+02 -3.735257436831792427e-02 -9.720576768217027708e-02 -1.000000000000000000e+00
-1.759000000001833541e+00 -3.659999999999998810e-01 -7.439613342285156250e-03 -1.104806057728833508e+02 -1.708677524638265481e+02 -1.134042212186371330e+02 -9.240920328788209304e+01 -8.088766317814588547e-02 -3.170301906090258748e-02 -1.000000000000000000e+00
